19
2 0 0.62981,0.37019
2 0 0.84607,0.15393
2 2 0 1 0,0:0.41693,0.58307 0,1:0.72278,0.27722 1,0:0.54342,0.45658 1,1:0.6859,0.3141
2 3 0 1 2 0,0,0:0.56914,0.43086 0,0,1:0.23894,0.76106 0,1,0:0.62393,0.37607 0,1,1:0.35148,0.64852 1,0,0:0.83952,0.16048 1,0,1:0.14946,0.85054 1,1,0:0.26676,0.73324 1,1,1:0.07687,0.92313
2 4 0 1 2 3 0,0,0,0:0.18987,0.81013 0,0,0,1:0.80263,0.19737 0,0,1,0:0.52835,0.47165 0,0,1,1:0.15635,0.84365 0,1,0,0:0.78266,0.21734 0,1,0,1:0.96728,0.03272 0,1,1,0:0.42466,0.57534 0,1,1,1:0.5532,0.4468 1,0,0,0:0.50773,0.49227 1,0,0,1:0.93596,0.06404 1,0,1,0:0.66003,0.33997 1,0,1,1:0.69982,0.30018 1,1,0,0:0.3776,0.6224 1,1,0,1:0.852,0.148 1,1,1,0:0.46234,0.53766 1,1,1,1:0.47847,0.52153
2 2 1 3 0,0:0.16115,0.83885 0,1:0.29467,0.70533 1,0:0.45472,0.54528 1,1:0.73506,0.26494
2 2 0 5 0,0:0.66163,0.33837 0,1:0.4696,0.5304 1,0:0.58061,0.41939 1,1:0.56693,0.43307
2 3 0 1 4 0,0,0:0.58426,0.41574 0,0,1:0.01839,0.98161 0,1,0:0.31254,0.68746 0,1,1:0.57894,0.42106 1,0,0:0.71587,0.28413 1,0,1:0.49077,0.50923 1,1,0:0.55615,0.44385 1,1,1:0.88716,0.11284
2 2 0 7 0,0:0.92893,0.07107 0,1:0.93744,0.06256 1,0:0.48122,0.51878 1,1:0.51048,0.48952
2 2 1 8 0,0:0.53389,0.46611 0,1:0.72569,0.27431 1,0:0.54742,0.45258 1,1:0.46204,0.53796
2 0 0.9999,0.0001
2 0 0.7,0.3
2 0 0.7345,0.2655
3 4 9 10 11 12 0,0,0,0:0.96,0.03,0.01 0,0,0,1:0.85,0.13,0.02 0,0,1,0:0.32,0.56,0.12 0,0,1,1:0.29,0.61,0.1 0,1,0,0:0.28,0.38,0.34 0,1,0,1:0.25,0.33,0.42 0,1,1,0:0.16,0.43,0.41 0,1,1,1:0.08,0.16,0.76 1,0,0,0:0.41,0.44,0.15 1,0,0,1:0.27,0.32,0.41 1,0,1,0:0.07,0.45,0.48 1,0,1,1:0.12,0.3,0.58 1,1,0,0:0.14,0.34,0.52 1,1,0,1:0.07,0.31,0.62 1,1,1,0:0.07,0.21,0.72 1,1,1,1:0.01,0.06,0.93
2 1 13 0:0.9,0.1 1:0.77,0.23 2:0.16,0.84
2 1 13 0:0.63,0.37 1:0.55,0.45 2:0.34,0.66
2 1 13 0:0.97,0.03 1:0.39,0.61 2:0.92,0.08
2 1 13 0:0.59,0.41 1:0.16,0.84 2:0.02,0.98
2 1 13 0:0.72,0.28 1:0.45,0.55 2:0.28,0.72
9
0 1
2 0
3 0
4 0
5 1
11 0
14 0
15 0
18 1
13
